Lizard 711.68 331.889507 984.32 438.247633
Lizard 0.64 555.498243 225.28 675.311469
Lizard 4.48 319.075061 239.36 430.559102
Lizard 42.88 103.79551 200.32 217.842167
Lizard 44.16 226.17135199999998 211.84 301.13538300000005
Lizard 236.8 169.789019 593.92 267.81795999999997
Lizard 252.8 319.075061 374.4 378.02069300000005
Lizard 400.64 344.06261600000005 524.16 417.74465599999996
Lizard 400.64 422.870571 558.08 567.6713520000001
Lizard 550.4 367.769546 648.96 458.75061
Lizard 577.92 442.73289400000004 963.84 642.635383
Lizard 626.56 178.758858 740.48 332.530161
Lizard 760.32 143.51947299999998 975.36 244.11171300000004
Lizard 806.4 253.72220600000003 936.32 287.68028300000003
